project_seed <- 202109104542;