project_seed <- 2021091045;
